MEME version 4

ALPHABET= ACGT

strands: + -

Background letter frequencies
A 0.25 C 0.25 G 0.25 T 0.25

MOTIF FOXA3.H12CORE.1.M.C
letter-probability matrix: alength= 4 w= 19 nsites= 4338
0.2659059474412171	0.2357076994006455	0.2050484094052559	0.2933379437528815
0.151625172890733	0.1608460119870908	0.585696173351775	0.1018326417704011
0.0606270170585523	0.4596588289534347	0.0846011987090825	0.3951129552789304
0.5325034578146611	0.3128169663439373	0.0760719225449516	0.07860765329645
0.7019363762102351	0.1327800829875519	0.0345781466113416	0.1307053941908714
0.7224527431996312	0.0972798524665745	0.0255878284923928	0.1546795758414016
0.0034578146611342	0.1288612263715998	0.0013831258644537	0.8662978331028124
0.7376671277086215	0.0958967266021208	0.1664361456892577	0.0
0.0002305209774089	0.0776855693868142	0.0002305209774089	0.9218533886583679
0.0002305209774089	0.0055325034578147	0.0018441678192716	0.9923928077455049
0.0073766712770862	0.1069617335177501	0.1634393729829414	0.7222222222222222
0.7187644075610881	0.1051175656984786	0.1751959428307976	0.0009220839096358
0.0101429230059935	0.9423697556477639	0.0050714615029968	0.0424158598432457
0.3895804518211157	0.144536652835408	0.0650069156293223	0.400875979714154
0.0507146150299677	0.4271553711387736	0.0223605348086676	0.4997694790225911
0.6147994467496543	0.1233287229137852	0.0313508529276164	0.2305209774089442
0.3900414937759336	0.2081604426002766	0.2683264177040111	0.1334716459197787
0.1210811433840479	0.4468072844628861	0.2301175656984785	0.2019940064545874
0.2227408944213924	0.3061894882434302	0.3133356385431074	0.1577339787920701
URL https://hocomoco12.autosome.org/motif/FOXA3.H12CORE.1.M.C

