MEME version 4

ALPHABET= ACGT

strands: + -

Background letter frequencies
A 0.25 C 0.25 G 0.25 T 0.25

MOTIF FOXB1.H12CORE.0.SM.B
letter-probability matrix: alength= 4 w= 19 nsites= 7254
0.2164323132065067	0.2092638544251448	0.1765922249793218	0.3977116073890267
0.1941687344913151	0.1470223325062035	0.5200578990901572	0.1387510339123242
0.0479735318444996	0.4199062586159361	0.0530741659773918	0.4790460435621726
0.5694789081885856	0.3126550868486352	0.0584505100634133	0.0594154948993659
0.8378825475599669	0.0616211745244003	0.0379101185552798	0.0625861593603529
0.895230217810863	0.032671629445823	0.0198511166253102	0.0522470361180039
0.0	0.0128205128205128	0.0001378549765647	0.9870416322029225
0.9186655638268542	0.0	0.0813344361731459	0.0
0.0	0.0	0.0	1.0
0.0001378549765647	0.0001378549765647	0.0016542597187758	0.9980700303280948
0.003584229390681	0.0002757099531293	0.1950647918389854	0.8010752688172043
0.698786876206231	0.000413564929694	0.2998345740281224	0.0009649848359526
0.032258064516129	0.8054866280672732	0.0226082161566033	0.1396470912599945
0.4653984008822719	0.0813344361731459	0.1334436173145851	0.3198235456299973
0.0416322029225255	0.3203749655362559	0.0456299972429005	0.5923628342983182
0.6468155500413565	0.0100634132892197	0.0453542872897712	0.2977667493796526
0.3942652329749104	0.1018748276812793	0.3500137854976564	0.1538461538461539
0.1481251723187207	0.326509511993383	0.3300937413840639	0.1952715743038324
0.219637441411635	0.272987317342156	0.3292321477805349	0.1781430934656741
URL https://hocomoco12.autosome.org/motif/FOXB1.H12CORE.0.SM.B

