MEME version 4

ALPHABET= ACGT

strands: + -

Background letter frequencies
A 0.25 C 0.25 G 0.25 T 0.25

MOTIF FOXC1.H12CORE.0.S.B
letter-probability matrix: alength= 4 w= 19 nsites= 8600
0.2577325581395349	0.229593023255814	0.1533139534883721	0.3593604651162791
0.3068023255813954	0.1271511627906977	0.3921511627906977	0.1738953488372093
0.1661627906976744	0.1286046511627907	0.0562790697674419	0.648953488372093
0.3451162790697674	0.3459302325581395	0.1652325581395349	0.1437209302325581
0.6952325581395349	0.0291860465116279	0.0432558139534884	0.2323255813953488
0.679186046511628	0.0209302325581395	0.02	0.2798837209302326
0.0008139534883721	0.002093023255814	0.0012790697674419	0.9958139534883721
0.6944186046511628	0.0009302325581395	0.3045348837209302	0.0001162790697674
0.0001162790697674	0.001046511627907	0.0	0.9988372093023256
0.0002325581395349	0.0004651162790698	0.0003488372093023	0.998953488372093
0.0022093023255814	0.0001162790697674	0.2177906976744186	0.7798837209302325
0.9637209302325581	0.0033720930232558	0.02	0.012906976744186
0.0012790697674419	0.8154651162790698	0.0076744186046512	0.1755813953488372
0.4748837209302326	0.087093023255814	0.0641860465116279	0.3738372093023256
0.0306976744186047	0.1677906976744186	0.0195348837209302	0.7819767441860465
0.6162790697674418	0.0159302325581395	0.0343023255813954	0.3334883720930232
0.4758139534883721	0.0744186046511628	0.3244186046511628	0.1253488372093023
0.1388662790697675	0.254796511627907	0.4096802325581395	0.1966569767441861
0.2251744186046511	0.2394767441860465	0.308546511627907	0.2268023255813953
URL https://hocomoco12.autosome.org/motif/FOXC1.H12CORE.0.S.B

