MEME version 4

ALPHABET= ACGT

strands: + -

Background letter frequencies
A 0.25 C 0.25 G 0.25 T 0.25

MOTIF FOXC2.H12CORE.0.SM.B
letter-probability matrix: alength= 4 w= 17 nsites= 9237
0.191701851250406	0.1370304211324023	0.1520785969470607	0.519189130670131
0.2173324672512721	0.1863700335606799	0.3651077189563711	0.2311897802316769
0.3247807729782397	0.0870412471581682	0.1039298473530367	0.4842481325105554
0.1920536970877991	0.0453610479592941	0.0581357583631049	0.7044494965898019
0.0017321641225506	0.0030312872144636	0.0014073833495724	0.9938291653134135
0.1582764966980622	0.0003247807729782	0.8413987225289596	0.0
0.0003247807729782	0.0002165205153188	0.0	0.9994586987117029
0.0002165205153188	0.0	0.0	0.9997834794846812
0.0010826025765941	0.0001082602576594	0.0334524196167587	0.9653567175489878
0.940781639060301	0.001299123091913	0.0516401429035401	0.006279094944246
0.0034643282451012	0.5868788567716792	0.0089856013857313	0.4006712135974884
0.2953339828948793	0.1041463678683555	0.1039298473530367	0.4965898018837285
0.054238389087366	0.1118328461621739	0.0521814441918372	0.781747320558623
0.5419508498430227	0.0267402836418751	0.0560788134675761	0.3752300530475263
0.3576918913067013	0.1628234275197575	0.2230161307783912	0.2564685503951499
0.1577622604741799	0.2972014723395042	0.2457778499512829	0.299258417235033
0.2007957128937967	0.2657518674894446	0.2094565335065497	0.323995886110209
URL https://hocomoco12.autosome.org/motif/FOXC2.H12CORE.0.SM.B

