MEME version 4

ALPHABET= ACGT

strands: + -

Background letter frequencies
A 0.25 C 0.25 G 0.25 T 0.25

MOTIF FOXD3.H12CORE.0.P.C
letter-probability matrix: alength= 4 w= 14 nsites= 997
0.1965897693079238	0.1965897693079238	0.3039117352056169	0.3029087261785356
0.152457372116349	0.2698094282848545	0.242728184553661	0.3350050150451354
0.1775325977933802	0.0100300902708124	0.0441323971915747	0.7683049147442327
0.0361083249749248	0.0752256770310933	0.8826479438314945	0.0060180541624875
0.0611835506519559	0.0722166499498496	0.0290872617853561	0.8375125376128385
0.0431293881644935	0.0892678034102307	0.0631895687061184	0.8044132397191575
0.0501504513540622	0.0070210631895687	0.1805416248746239	0.7622868605817452
0.324974924774323	0.1675025075225677	0.2537612838515547	0.2537612838515547
0.0160481444332999	0.6018054162487463	0.0531594784353059	0.3289869608826479
0.2748244734202608	0.1965897693079238	0.0401203610832497	0.4884653961885657
0.0932798395185557	0.234704112337011	0.0802407221664995	0.5917753259779338
0.4393179538615847	0.0290872617853561	0.115346038114343	0.4162487462387162
0.2337011033099298	0.1654964894684052	0.4373119358074223	0.1634904714142427
0.1354062186559679	0.3089267803410231	0.3269809428284854	0.2286860581745236
URL https://hocomoco12.autosome.org/motif/FOXD3.H12CORE.0.P.C

