MEME version 4

ALPHABET= ACGT

strands: + -

Background letter frequencies
A 0.25 C 0.25 G 0.25 T 0.25

MOTIF FOXD2.H12CORE.1.SM.B
letter-probability matrix: alength= 4 w= 15 nsites= 9679
0.2714123359851224	0.1781175741295588	0.2167579295381754	0.3337121603471433
0.0102541584874471	0.0821624134724662	0.0049850191135448	0.902598408926542
0.3913627440851328	0.002169645624548	0.6063642938320074	0.0001033164583118
0.0003099493749354	0.0027895443744188	0.0023762785411716	0.9945242277094741
0.0003099493749354	0.0007232152081827	0.0079553672900093	0.9910114681268726
0.6593656369459655	0.0001033164583118	0.0910217997727038	0.2495092468230189
0.1553879533009608	0.0011364810414299	0.2114887901642732	0.631986775493336
0.0006198987498709	0.2637669180700485	0.1147845851844199	0.6208285979956607
0.1208802562248166	0.121190205599752	0.4633743155284637	0.2945552226469677
0.0326480008265317	0.1134414712263664	0.0420497985329063	0.8118607294141957
0.5034611013534456	0.0139477218720942	0.0599235458208493	0.4226676309536109
0.4298997830354375	0.0575472672796777	0.4060336811654097	0.1065192685194752
0.1173674966422151	0.2189275751627234	0.4544891001136481	0.2092158280814134
0.1768002892860833	0.2155439611530117	0.41990391569377	0.187751833867135
0.2311447463580948	0.1951906188655853	0.3254726727967766	0.2481919619795434
URL https://hocomoco12.autosome.org/motif/FOXD2.H12CORE.1.SM.B

