MEME version 4

ALPHABET= ACGT

strands: + -

Background letter frequencies
A 0.25 C 0.25 G 0.25 T 0.25

MOTIF FOXD2.H12CORE.0.S.B
letter-probability matrix: alength= 4 w= 20 nsites= 9070
0.3475192943770672	0.1068357221609702	0.4113561190738699	0.1342888643880926
0.2630374862183021	0.1797960308710033	0.2996416758544653	0.2575248070562293
0.2586549062844543	0.0391400220507166	0.6890848952590959	0.0131201764057332
0.2306504961411246	0.0620727673649394	0.0158765159867696	0.6914002205071664
0.619845644983462	0.1606394707828004	0.0038588754134509	0.2156560088202867
0.9858875413450937	0.0037486218302095	0.0009922822491731	0.0093715545755237
0.9798235942668136	0.0026460859977949	0.0001102535832415	0.0174200661521499
0.0001102535832415	0.1980154355016538	0.0	0.8018743109151047
0.6080485115766262	0.0	0.3919514884233737	0.0
0.0	0.0	0.0	1.0
0.0001102535832415	0.0	0.0	0.9998897464167585
0.1455347298787211	0.0	0.0885336273428886	0.7659316427783903
0.7256890848952591	0.0019845644983462	0.113561190738699	0.1587651598676957
0.0001102535832415	0.594928335170893	0.043109151047409	0.3618522601984565
0.2178610804851158	0.1108048511576626	0.1263506063947078	0.5449834619625138
0.0089305402425579	0.1027563395810364	0.0056229327453142	0.8826901874310915
0.5983461962513782	0.0028665931642778	0.0131201764057332	0.3856670341786108
0.409922822491731	0.1386990077177508	0.286438809261301	0.1649393605292172
0.0917861080485116	0.4977398015435502	0.243715545755237	0.1667585446527012
0.1974641675854465	0.3669239250275634	0.2209481808158765	0.2146637265711136
URL https://hocomoco12.autosome.org/motif/FOXD2.H12CORE.0.S.B

