MEME version 4

ALPHABET= ACGT

strands: + -

Background letter frequencies
A 0.25 C 0.25 G 0.25 T 0.25

MOTIF FOXD3.H12CORE.1.S.B
letter-probability matrix: alength= 4 w= 20 nsites= 2205
0.6227891156462585	0.0731292517006803	0.2087301587301587	0.0953514739229025
0.3843537414965986	0.2011337868480726	0.1467120181405896	0.2678004535147392
0.4340136054421769	0.1147392290249433	0.4390022675736961	0.0122448979591837
0.3809523809523809	0.0839002267573696	0.0045351473922902	0.5306122448979592
0.4965986394557823	0.1328798185941043	0.0018140589569161	0.3687074829931973
0.982766439909297	0.0027210884353742	0.000907029478458	0.0136054421768707
0.9886621315192744	0.000453514739229	0.000907029478458	0.0099773242630385
0.0	0.1124716553287982	0.0	0.8875283446712018
0.7346938775510204	0.0	0.2653061224489796	0.0
0.0	0.0	0.0	1.0
0.000453514739229	0.0	0.0	0.999546485260771
0.0784580498866213	0.0	0.1301587301587302	0.7913832199546486
0.8848072562358277	0.0013605442176871	0.03718820861678	0.0766439909297052
0.0	0.8299319727891157	0.0331065759637188	0.1369614512471655
0.3986394557823129	0.0975056689342404	0.0988662131519274	0.4049886621315193
0.0253968253968254	0.2086167800453515	0.0104308390022676	0.7555555555555555
0.6648526077097505	0.0031746031746032	0.0199546485260771	0.3120181405895692
0.5492063492063493	0.055328798185941	0.328344671201814	0.0671201814058957
0.2158730158730159	0.2222222222222222	0.3836734693877551	0.1782312925170068
0.2546485260770975	0.1965986394557823	0.3648526077097506	0.1839002267573696
URL https://hocomoco12.autosome.org/motif/FOXD3.H12CORE.1.S.B

