MEME version 4

ALPHABET= ACGT

strands: + -

Background letter frequencies
A 0.25 C 0.25 G 0.25 T 0.25

MOTIF FOXE1.H12CORE.0.SM.B
letter-probability matrix: alength= 4 w= 16 nsites= 7750
0.3116451612903226	0.1370645161290323	0.2871290322580645	0.2641612903225806
0.1494516129032258	0.0557741935483871	0.1237741935483871	0.671
0.0027096774193548	0.0130322580645161	0.0028387096774194	0.9814193548387097
0.0090322580645161	0.0003870967741935	0.9904516129032258	0.0001290322580645
0.000258064516129	0.0178064516129032	0.0020645161290323	0.9798709677419355
0.0016774193548387	0.0011612903225806	0.0264516129032258	0.9707096774193549
0.2615483870967742	0.000258064516129	0.2793548387096774	0.4588387096774194
0.2036129032258064	0.0016774193548387	0.2292903225806452	0.5654193548387096
0.0038709677419355	0.1509677419354839	0.1503225806451613	0.6948387096774193
0.3015483870967742	0.0299354838709677	0.1289032258064516	0.5396129032258065
0.0086451612903226	0.0566451612903226	0.0194838709677419	0.9152258064516129
0.7841290322580645	0.0020645161290323	0.0158709677419355	0.1979354838709677
0.4665806451612903	0.0069677419354839	0.4945806451612903	0.0318709677419355
0.0423225806451613	0.2230967741935484	0.5139354838709678	0.2206451612903226
0.1425483870967742	0.1615161290322581	0.5846129032258065	0.1113225806451613
0.1978387096774193	0.2645483870967742	0.2835161290322581	0.2540967741935484
URL https://hocomoco12.autosome.org/motif/FOXE1.H12CORE.0.SM.B

