MEME version 4

ALPHABET= ACGT

strands: + -

Background letter frequencies
A 0.25 C 0.25 G 0.25 T 0.25

MOTIF FOXG1.H12CORE.0.PSM.A
letter-probability matrix: alength= 4 w= 15 nsites= 1007
0.1142005958291956	0.3386295928500497	0.2552135054617676	0.2919563058589871
0.1330685203574975	0.1906653426017875	0.2224428997020854	0.4538232373386296
0.1092353525322741	0.2512413108242304	0.3505461767626614	0.2889771598808342
0.0069513406156902	0.0	0.0009930486593843	0.9920556107249255
0.0327706057596822	0.0009930486593843	0.9662363455809335	0.0
0.0	0.0069513406156902	0.0019860973187686	0.9910625620655412
0.0009930486593843	0.0069513406156902	0.0824230387288977	0.9096325719960278
0.0019860973187686	0.0069513406156902	0.2015888778550149	0.7894736842105263
0.3406156901688183	0.0824230387288977	0.3058589870903674	0.2711022840119166
0.0268123138033764	0.5749751737835154	0.1717974180734856	0.2264150943396226
0.480635551142006	0.2214498510427011	0.086395233366435	0.211519364448858
0.1807348560079444	0.3823237338629593	0.1608738828202582	0.2760675273088382
0.4419066534260179	0.1469712015888779	0.1807348560079444	0.2303872889771599
0.2234359483614697	0.4021847070506455	0.2144985104270109	0.1598808341608739
0.3872889771598808	0.2542204568023833	0.1420059582919563	0.2164846077457795
URL https://hocomoco12.autosome.org/motif/FOXG1.H12CORE.0.PSM.A

