MEME version 4

ALPHABET= ACGT

strands: + -

Background letter frequencies
A 0.25 C 0.25 G 0.25 T 0.25

MOTIF FOXJ2.H12CORE.1.SM.B
letter-probability matrix: alength= 4 w= 17 nsites= 2483
0.1737817156665324	0.2817156665324205	0.2583568264196536	0.2861457913813935
0.3133306484091825	0.1115585984695932	0.2339911397503021	0.3411196133709223
0.2158679017317761	0.2013693113169553	0.1010873942811116	0.4816753926701571
0.0104712041884817	0.0624244865082561	0.0056383407168748	0.9214659685863874
0.3391059202577527	0.0112766814337495	0.6476037051953283	0.0020136931131696
0.0060410793395087	0.0056383407168748	0.0032219089810713	0.9850986709625453
0.013693113169553	0.0032219089810713	0.0028191703584374	0.9802658074909384
0.0153040676600886	0.0004027386226339	0.0177204993958921	0.9665726943213854
0.999597261377366	0.0	0.0	0.0004027386226339
0.0	0.999597261377366	0.0	0.0004027386226339
0.9963753523962948	0.0008054772452678	0.0004027386226339	0.0024164317358035
0.9899315344341523	0.0012082158679017	0.0028191703584374	0.0060410793395087
0.0165122835279903	0.7865485300040274	0.0020136931131696	0.1949254933548127
0.9258960934353605	0.0140958517921869	0.0507450664518727	0.00926298832058
0.6447845348368909	0.0769230769230769	0.1244462343938784	0.1538461538461539
0.3620620217478856	0.211840515505437	0.0906161900926299	0.3354812726540475
0.3158477648006444	0.2663109142166734	0.2574506645187273	0.1603906564639549
URL https://hocomoco12.autosome.org/motif/FOXJ2.H12CORE.1.SM.B

