MEME version 4

ALPHABET= ACGT

strands: + -

Background letter frequencies
A 0.25 C 0.25 G 0.25 T 0.25

MOTIF FOXJ2.H12CORE.2.S.B
letter-probability matrix: alength= 4 w= 20 nsites= 8212
0.1829639551875304	0.2980394544568923	0.2438504627374574	0.2751461276181199
0.1892961519727228	0.2980394544568923	0.2568801753531417	0.2557842182172431
0.1982464685825621	0.1981246955674623	0.1878957622990745	0.4157330735509011
0.1345591816853385	0.0726984900146128	0.2356307842182172	0.5571115440818315
0.0744033122260107	0.030808572820263	0.3123477837311252	0.5824403312226011
0.0796395518753044	0.0164393570384803	0.5159522649780809	0.3879688261081344
0.0143692157817828	0.031660983925962	0.0276424744276668	0.9263273258645884
0.2120068192888456	0.0287384315635655	0.1539210910862153	0.6053336580613736
0.359961032635168	0.0435947394057477	0.1874086702386751	0.4090355577204092
0.4196298100340964	0.0801266439357038	0.0241110569897711	0.4761324890404287
0.0006088650754993	0.006697515830492	0.0004870920603994	0.9922065270336093
0.1982464685825621	0.0002435460301997	0.8015099853872382	0.0
0.0	0.0003653190452996	0.0	0.9996346809547004
0.0174135411592791	0.0013395031660984	0.0	0.9812469556746225
0.0197272284461763	0.0	0.0645396980029226	0.9157330735509012
0.9382610813443741	0.0026790063321968	0.0242328300048709	0.0348270823185582
0.000852411105699	0.5836580613735997	0.0160740379931807	0.3994154895275207
0.1872868972235752	0.1144666341938626	0.2868972235752557	0.4113492450073064
0.1207075012177301	0.142504870920604	0.2289637116415003	0.5078239162201656
0.1817766682903069	0.1501156843643449	0.2075925474914759	0.4605150998538724
URL https://hocomoco12.autosome.org/motif/FOXJ2.H12CORE.2.S.B

