MEME version 4

ALPHABET= ACGT

strands: + -

Background letter frequencies
A 0.25 C 0.25 G 0.25 T 0.25

MOTIF FOXL1.H12CORE.0.S.B
letter-probability matrix: alength= 4 w= 20 nsites= 7137
0.1716407454112372	0.1859324646209892	0.3938629676334595	0.2485638223343141
0.2083158189715567	0.1496076782962029	0.3306361216197282	0.3114403811125123
0.1656158049600673	0.1104105366400448	0.286955303348746	0.4370183550511419
0.0389519405912849	0.0518425108589043	0.0675353790107888	0.841670169539022
0.1904161412358134	0.0591284853579936	0.6886647050581477	0.0617906683480454
0.0898136471906964	0.0144318341039653	0.0256410256410256	0.8701134930643127
0.0431553874176825	0.0035028723553314	0.0054644808743169	0.9478772593526692
0.0	0.0001401148942133	0.0001401148942133	0.9997197702115735
0.4148802017654477	0.0001401148942133	0.5849796833403391	0.0
0.0	0.0026621829900518	0.0	0.9973378170099482
0.0012610340479193	0.0004203446826398	0.0004203446826398	0.9978982765868012
0.0015412638363458	0.0002802297884265	0.0239596469104666	0.9742188594647611
0.913689225164635	0.0042034468263976	0.0629115875017514	0.0191957405072159
0.0390920554854981	0.3641586100602494	0.0123301106907664	0.5844192237634861
0.3371164354770912	0.0694969875297744	0.0801457194899818	0.5132408575031526
0.192938209331652	0.0777637662883564	0.0700574471066274	0.6592405772733642
0.3556116015132408	0.073139974779319	0.0766428471346504	0.4946055765727897
0.1696791368922516	0.3217037971136332	0.1064873196020737	0.4021297463920415
0.2161272243239456	0.3413899397505955	0.1687683900798655	0.2737144458455934
0.192938209331652	0.3788706739526412	0.1799075241698193	0.2482835925458876
URL https://hocomoco12.autosome.org/motif/FOXL1.H12CORE.0.S.B

