MEME version 4

ALPHABET= ACGT

strands: + -

Background letter frequencies
A 0.25 C 0.25 G 0.25 T 0.25

MOTIF FOXR2.H12CORE.0.M.C
letter-probability matrix: alength= 4 w= 17 nsites= 9730
0.3831192189105858	0.1196043165467626	0.2284429599177801	0.2688335046248715
0.1042137718396711	0.3273381294964029	0.1504624871531346	0.4179856115107914
0.601644398766701	0.1009249743062693	0.181808838643371	0.1156217882836588
0.0311408016443988	0.0456320657759507	0.0544707091469681	0.8687564234326824
0.228879753340185	0.0523124357656732	0.0974306269270298	0.6213771839671121
0.0336073997944502	0.033710174717369	0.0094552929085303	0.9232271325796506
0.9406988694758479	0.0017471736896197	0.0414182939362795	0.0161356628982528
0.0044193216855087	0.1809866392600206	0.1157245632065776	0.6988694758478932
0.3927029804727646	0.0040082219938335	0.5934224049331963	0.0098663926002056
0.0	0.0815005138746146	0.0008221993833505	0.917677286742035
0.4860226104830421	0.0683453237410072	0.0121274409044193	0.4335046248715314
0.0069886947584789	0.0060637204522097	0.008016443987667	0.9789311408016445
0.8725590955806783	0.0097636176772867	0.1001027749229188	0.0175745118191161
0.0166495375128469	0.252929085303186	0.0876670092497431	0.642754367934224
0.4473792394655704	0.0681397738951696	0.4242548818088386	0.0602261048304214
0.0881808838643371	0.2109969167523124	0.081294964028777	0.6195272353545734
0.3284172661870504	0.1846351490236382	0.2044707091469681	0.2824768756423433
URL https://hocomoco12.autosome.org/motif/FOXR2.H12CORE.0.M.C

